[14-bit thermocouple temperature data] [res] [fault bit] [12-bit internal temperature data] [res] [scv bit] [scg bit] [oc bit]

200ee200
00100000000011 1 0 111000100000 0 000

301cc001
00110000000111 0 0 110000000000 0 001

501cc401
01010000000111 0 0 110001000000 0 001

901bb801
10010000000110 1 1 101110000000 0 001

b01bb401
1011 0000 0001 1011 1011 0100 0000 0001

e00dde00
11100000000011 0 1 110111100000 0 000

d80dde00
11011000000011 0 1 110111100000 0 000

f80de200
11111000000011 0 1 111000100000 0 000

00000000010001111011000000011111

80ee000
10000000111011 1 0 000000000000

100ee200
00010000000011 1 0 111000100000 0 000

280ee200
00101000000011 1 0 111000100000 0 000

02 40 1C F0
00000010010000 0 0 000111001111 0 000